1-DF_n-26;1284;483;2,28;2;
1-DF_n-27;1389;2870;2,35;1;
1-DF_n-25;1465;911;2,38;3;
1-DF_n-14;1555;1125;2,38;3;
1-DF_n-28;1520;2677;2,57;1;
1-DF_n-24;1374;697;2,58;2;
1-DF_n-15;1194;269;2,58;2;
1-DF_n-13;1259;3062;2,6;1;
1-DF_n-16;1646;1339;2,75;3;
1-DF_n-23;1650;2485;2,8;1;
1-DF_n-29;1103;55;2,8;2;
1-DF_n-12;1129;3255;2,81;1;
1-DF_n-30;1680;1565;3,09;3;
1-DF_n-22;1680;2262;3,1;1;
1-DF_n-17;907;0;3,13;2;
1-DF_n-11;999;3447;3,15;1;
1-DF_n-18;1680;1797;3,24;3;
1-DF_n-21;1680;2029;3,26;1;
1-DF_n-31;675;0;3,28;2;
1-DF_n-10;789;3490;3,45;1;
1-DF_n-19;442;0;3,48;2;
1-DF_n-20;557;3490;3,5;1;
1-DF_n-9;210;0;3,61;2;
1-DF_n-32;324;3490;3,72;1;
1-DF_n-8;93;201;4,01;2;
1-DF_n-33;151;3388;4,01;1;
1-DF_n-7;0;408;4,28;2;
1-DF_n-34;33;3187;4,32;1;
1-DF_n-6;0;640;4,48;2;
1-DF_n-35;0;2964;4,61;1;
1-DF_n-5;0;873;4,78;2;
1-DF_n-36;0;2732;4,8;1;
1-DF_n-4;0;1105;4,95;2;
1-DF_n-37;0;2499;5;1;
1-DF_n-38;0;1337;5,14;2;
1-DF_n-3;0;2267;5,15;1;
1-DF_n-2;0;1570;5,38;2;
1-DF_n-39;0;2035;5,41;1;
1-DF_n-1;0;1802;5,61;2;
;;;;;
