1-MGDP-11;1284;483;2,3;2;
1-MGDP-26;1389;2870;2,3;1;
1-MGDP-14;1465;911;2,47;3;
1-MGDP-27;1555;1125;2,48;3;
1-MGDP-25;1520;2677;2,49;1;
1-MGDP-28;1374;697;2,64;2;
1-MGDP-15;1194;269;2,65;2;
1-MGDP-24;1259;3062;2,65;1;
1-MGDP-13;1646;1339;2,66;3;
1-MGDP-16;1650;2485;2,75;1;
1-MGDP-23;1103;55;2,85;2;
1-MGDP-29;1129;3255;2,86;1;
1-MGDP-12;1680;1565;2,87;3;
1-MGDP-22;1680;2262;3,17;1;
1-MGDP-30;907;0;3,17;2;
1-MGDP-17;999;3447;3,2;1;
1-MGDP-18;1680;1797;3,36;3;
1-MGDP-31;1680;2029;3,38;1;
1-MGDP-21;675;0;3,4;2;
1-MGDP-20;789;3490;3,52;1;
1-MGDP-10;442;0;3,53;2;
1-MGDP-19;557;3490;3,54;1;
1-MGDP-32;210;0;3,74;2;
1-MGDP-9;324;3490;3,78;1;
1-MGDP-8;93;201;4;2;
1-MGDP-33;151;3388;4,05;1;
1-MGDP-34;0;408;4,3;2;
1-MGDP-7;33;3187;4,37;1;
1-MGDP-6;0;640;4,59;2;
1-MGDP-35;0;2964;4,65;1;
1-MGDP-5;0;873;4,86;2;
1-MGDP-36;0;2732;4,88;1;
1-MGDP-4;0;1105;5,1;2;
1-MGDP-37;0;2499;5,14;1;
1-MGDP-3;0;1337;5,26;2;
1-MGDP-38;0;2267;5,3;1;
1-MGDP-2;0;1570;5,55;2;
1-MGDP-39;0;2035;5,58;1;
1-MGDP-1;0;1802;5,85;2;
;;;;;
